0,0.003919297817821304,0.002344009365219819,0.003919297817821304
1,0.0022693755930289624,0.0015445696879308997,0.0022693755930289624
2,0.0017329359582687418,0.0011672075565839022,0.0017329359582687418
3,0.0014683113114411631,0.0010139100015065388,0.0014683113114411631
4,0.0013186371255666017,0.0009621438523378681,0.0013186371255666017
5,0.0012295640273268023,0.0008446807999245561,0.0012295640273268023
6,0.00116123545649151,0.0008140106494260723,0.00116123545649151
7,0.001109908579910795,0.0007442239317683536,0.001109908579910795
8,0.0010666645589098335,0.0007142210737589681,0.0010666645589098335
9,0.001036311140631636,0.0006657608101275145,0.001036311140631636
10,0.0010026945807784795,0.0006956371633711745,0.0010026945807784795
11,0.0009791632207731406,0.0006870039296941015,0.0009791632207731406
12,0.00095056739491721,0.0006910637724948556,0.00095056739491721
13,0.0009368731684672336,0.0006704812485642992,0.0009368731684672336
14,0.0009164865760567288,0.000634967810979211,0.0009164865760567288
15,0.0009031253351829946,0.0005992369277386419,0.0009031253351829946
16,0.000886344196666032,0.0006469442926821087,0.000886344196666032
17,0.0008698470060651501,0.0006490144390580162,0.0008698470060651501
18,0.0008593197321581343,0.0005802615363477614,0.0008593197321581343
19,0.0008456517240777612,0.0006004420757015938,0.0008456517240777612
20,0.0008353148553644617,0.0005415166181332448,0.0008353148553644617
21,0.0008306816817633808,0.0005387466187327446,0.0008306816817633808
22,0.0008178915656544268,0.000573166261678725,0.0008178915656544268
23,0.0008087504546220104,0.000530669770896304,0.0008087504546220104
24,0.0008048293136060238,0.0005381803802704733,0.0008048293136060238
25,0.0007944090084917844,0.0005556427762761974,0.0007944090084917844
26,0.0007878015477024019,0.0005692158777299419,0.0007878015477024019
27,0.0007813266261480748,0.0006021959696455221,0.0007813266261480748
28,0.0007690921567815045,0.0005423116610483511,0.0007690921567815045
29,0.0007661783475180467,0.000531800088350122,0.0007661783475180467
30,0.0007624210891748468,0.0005366448094414776,0.0007624210891748468
31,0.0007528460520878434,0.0005346724095942224,0.0007528460520878434
32,0.0007522883692818383,0.0005134059646763234,0.0007522883692818383
33,0.0007430481794538597,0.0005729407381397068,0.0007430481794538597
34,0.0007425814112586279,0.0005171235903321454,0.0007425814112586279
35,0.000734866399311771,0.0005050500166112263,0.000734866399311771
36,0.0007316349499486386,0.00048542747297732714,0.0007316349499486386
37,0.0007308843679229418,0.0004992074041120838,0.0007308843679229418
38,0.000719746784263601,0.0005151569188621484,0.000719746784263601
39,0.0007195811855358382,0.0006135920771691752,0.0007195811855358382
40,0.000714529556594789,0.0005487983167547276,0.000714529556594789
41,0.0007147710196611782,0.00045512702526655376,0.0007147710196611782
42,0.0007096267233664791,0.00046531763540973007,0.0007096267233664791
43,0.000706246958890309,0.0004794347710131357,0.000706246958890309
44,0.00070425333885476,0.00046942076451684297,0.00070425333885476
45,0.0006968179215366642,0.0004832620753130565,0.0006968179215366642
46,0.000696569257757316,0.0004600668840690336,0.000696569257757316
47,0.0006943694555262724,0.0005097638676465865,0.0006943694555262724
48,0.0006901068989870449,0.0004865382947370802,0.0006901068989870449
49,0.000687649550754577,0.00047269202673709705,0.000687649550754577
50,0.000683515444478641,0.0004591747034471809,0.000683515444478641
51,0.0006826894425787032,0.0004604182920941527,0.0006826894425787032
52,0.0006812760206560294,0.0004698008819703797,0.0006812760206560294
53,0.0006821219828911125,0.0005288705494565268,0.0006821219828911125
54,0.0006761376203037799,0.00047197238145755573,0.0006761376203037799
55,0.000670754050227503,0.00048363048524448747,0.000670754050227503
56,0.0006720831074255208,0.0005106102561275883,0.0006720831074255208
57,0.000673158563375473,0.0004651081627863868,0.000673158563375473
58,0.0006658010493901869,0.0004709633253040936,0.0006658010493901869
59,0.0006627157034352422,0.00044881679707027057,0.0006627157034352422
60,0.0006637764556705952,0.0004443744372372238,0.0006637764556705952
61,0.0006573933963415524,0.0004971383948238533,0.0006573933963415524
62,0.0006567619433440268,0.00048280598907323,0.0006567619433440268
63,0.0006565380640017489,0.00045169709041028433,0.0006565380640017489
64,0.0006534748998718957,0.0004556037753224046,0.0006534748998718957
65,0.000652662625554949,0.0005102782265283167,0.000652662625554949
66,0.0006481542721701165,0.0004392914964482515,0.0006481542721701165
67,0.000644892332199961,0.00045867271366970317,0.000644892332199961
68,0.0006441740984097123,0.0004458336430822352,0.0006441740984097123
69,0.0006440242592493694,0.0004899009604194904,0.0006440242592493694
70,0.0006449991342735787,0.00048708729221436537,0.0006449991342735787
71,0.0006399228291151424,0.000436844631970713,0.0006399228291151424
72,0.0006378492171876133,0.0005152833932447002,0.0006378492171876133
73,0.0006367258801187078,0.00046590397945000676,0.0006367258801187078
74,0.0006334049798982839,0.00042671359833575,0.0006334049798982839
75,0.0006304097309149802,0.0004655780513166336,0.0006304097309149802
76,0.0006305537192896008,0.00048519080089029384,0.0006305537192896008
77,0.0006328326626556615,0.00045854443156144074,0.0006328326626556615
78,0.0006287476214704414,0.0004296169660536148,0.0006287476214704414
79,0.0006258234004614254,0.00045814144845496404,0.0006258234004614254
80,0.0006277120798267424,0.00044986029868831107,0.0006277120798267424
81,0.0006235048298413554,0.00040095713290532955,0.0006235048298413554
82,0.0006231982152101895,0.00041793482636934834,0.0006231982152101895
83,0.0006259340139354269,0.0004214739343494569,0.0006259340139354269
84,0.0006208301951363683,0.0004643380513406571,0.0006208301951363683
85,0.0006230536561707655,0.0004502415990775549,0.0006230536561707655
86,0.0006181609083215396,0.0005118294429360775,0.0006181609083215396
87,0.000613628143488119,0.0004415453510693879,0.000613628143488119
88,0.0006176790278156598,0.00045364906141093296,0.0006176790278156598
89,0.0006140198975428939,0.0004404725619134281,0.0006140198975428939
90,0.0006116630363526443,0.00041010235400968476,0.0006116630363526443
91,0.0006130663692951202,0.0004408405067203076,0.0006130663692951202
92,0.0006082793256267905,0.0004867229758671959,0.0006082793256267905
93,0.0006114056813282271,0.00047982285874814055,0.0006114056813282271
94,0.0006099898498381178,0.00044214359421626125,0.0006099898498381178
95,0.0006104351542082926,0.00048558723844195666,0.0006104351542082926
96,0.0006068206220927338,0.00043362023140990026,0.0006068206220927338
97,0.0006077616508305073,0.0005071925696867861,0.0006077616508305073
98,0.0006059191790781915,0.0005000160547724941,0.0006059191790781915
99,0.0006015896073915065,0.000415040715223407,0.0006015896073915065
