0,0.007550081230551005,0.0039061695989090622,0.007550081230551005
1,0.00414414345510304,0.0027894767227729686,0.00414414345510304
2,0.0033702478090425333,0.002172056245071846,0.0033702478090425333
3,0.0029860110632826883,0.0020615364074968454,0.0029860110632826883
4,0.002753988143230478,0.0018562306301504897,0.002753988143230478
5,0.002592268107657631,0.0017160988974630048,0.002592268107657631
6,0.002469738823696971,0.0017450749840587378,0.002469738823696971
7,0.0023638122120002904,0.0015706309525361447,0.0023638122120002904
8,0.002289105897794167,0.0015832700024702047,0.002289105897794167
9,0.0022203548309455315,0.0014528181613079811,0.0022203548309455315
10,0.0021566944580028455,0.0014638154214509486,0.0021566944580028455
11,0.0021076455947260063,0.00146650882019547,0.0021076455947260063
12,0.0020610162089020013,0.0014314888636434548,0.0020610162089020013
13,0.002022291977182031,0.0013533716940664147,0.002022291977182031
14,0.001989889075482885,0.001323041306596184,0.001989889075482885
15,0.001956884354452292,0.00134031205594605,0.001956884354452292
16,0.0019188289043928187,0.001273533235473983,0.0019188289043928187
17,0.0019040373882527153,0.0012738110479130818,0.0019040373882527153
18,0.0018758523748070002,0.001225241120826257,0.0018758523748070002
19,0.0018533197118714452,0.001292300586065833,0.0018533197118714452
20,0.0018353016735613346,0.0013293446887349873,0.0018353016735613346
21,0.0018058055105060339,0.0012566645421970047,0.0018058055105060339
22,0.001795087235706548,0.0013652386391045232,0.001795087235706548
23,0.0017823704061533014,0.0013106169350739372,0.0017823704061533014
24,0.0017571934389695525,0.0012835782684451132,0.0017571934389695525
25,0.001743064123429358,0.0012353975548098485,0.001743064123429358
26,0.001732970818541944,0.0012203728174758062,0.001732970818541944
27,0.0017072464759151141,0.0014427097649395205,0.0017072464759151141
28,0.0017107940198356907,0.0011871060556977204,0.0017107940198356907
29,0.0016942233377943436,0.0011509671832614563,0.0016942233377943436
30,0.0016795877051725984,0.0012212506239907,0.0016795877051725984
31,0.0016641734744856755,0.0012527601868959895,0.0016641734744856755
32,0.0016636231226101518,0.0012413905282031026,0.0016636231226101518
33,0.001646373344535629,0.001200625615305545,0.001646373344535629
34,0.0016398547423134248,0.0011721179800565566,0.0016398547423134248
35,0.0016232746572668354,0.00116400612569169,0.0016232746572668354
36,0.0016163170468434691,0.0010712494959205128,0.0016163170468434691
37,0.001607679803185165,0.0011819648239238744,0.001607679803185165
38,0.0016027128530914584,0.001105551509666992,0.0016027128530914584
39,0.0015898735109716655,0.0011727955683052801,0.0015898735109716655
40,0.0015813338310519853,0.00116496394107347,0.0015813338310519853
41,0.001576546079615752,0.0011457561921034204,0.001576546079615752
42,0.0015655938498179117,0.0011138764482579732,0.0015655938498179117
43,0.0015621204737822215,0.0012894492283822936,0.0015621204737822215
44,0.001554413602973024,0.0010956605988701707,0.001554413602973024
45,0.001544533872840305,0.0010780709514623147,0.001544533872840305
46,0.0015350790184612076,0.0011604418023603788,0.0015350790184612076
47,0.0015351443689813216,0.0012167992323800399,0.0015351443689813216
48,0.0015202594412118196,0.0012118844096075025,0.0015202594412118196
49,0.0015206806303436557,0.0011151665551130448,0.0015206806303436557
50,0.0015091314204782246,0.0010895723203948715,0.0015091314204782246
51,0.00150858625938495,0.0010504199828658448,0.00150858625938495
52,0.0015050221493467688,0.00113379633703122,0.0015050221493467688
53,0.0014955458945780993,0.001123491645003097,0.0014955458945780993
54,0.0014898921631649137,0.001132237617651883,0.0014898921631649137
55,0.0014904906424755852,0.0011223049267897742,0.0014904906424755852
56,0.0014761534889539082,0.0011401205866515898,0.0014761534889539082
57,0.001477027713644008,0.001006437584741466,0.001477027713644008
58,0.0014704263936604063,0.0011386769316240883,0.0014704263936604063
59,0.001462307899656395,0.0011142217944033052,0.001462307899656395
60,0.0014630286517987648,0.0010524136891490535,0.0014630286517987648
61,0.0014556017114718755,0.0010688545627421454,0.0014556017114718755
62,0.0014522920310497283,0.0010828984513944178,0.0014522920310497283
63,0.0014421909405166904,0.0010248969219494284,0.0014421909405166904
64,0.0014465759307394424,0.0010736611742787716,0.0014465759307394424
65,0.0014315618464971582,0.0010665813878374664,0.0014315618464971582
66,0.0014359335176150005,0.0010757557383264628,0.0014359335176150005
67,0.00143359749785314,0.0011077346403249783,0.00143359749785314
68,0.0014239516526336471,0.0010548604034442911,0.0014239516526336471
69,0.0014246229136238495,0.001053244679849268,0.0014246229136238495
70,0.001417936251151065,0.001093732330840277,0.001417936251151065
71,0.0014127478393043081,0.0012219159246961537,0.0014127478393043081
72,0.0014077531186491251,0.0010371672216181954,0.0014077531186491251
73,0.0014142003387585282,0.000983889406148279,0.0014142003387585282
74,0.0014042659995580713,0.0010765592950935426,0.0014042659995580713
75,0.0014048409974450867,0.0011021192598271003,0.0014048409974450867
76,0.00139827206329753,0.0010512141891608113,0.00139827206329753
77,0.0013924498607590795,0.0010282571602874158,0.0013924498607590795
78,0.001387418689019978,0.0010217444838988676,0.001387418689019978
79,0.0013921144521857301,0.001012580446026435,0.0013921144521857301
80,0.00138847232401371,0.0010527961201148859,0.00138847232401371
81,0.0013762864851082366,0.0010304338026432354,0.0013762864851082366
82,0.0013772460093473395,0.0010427175477408525,0.0013772460093473395
83,0.0013721792037412524,0.001008274211999225,0.0013721792037412524
84,0.0013698267582803964,0.001043137269927875,0.0013698267582803964
85,0.001369685082534949,0.0010602019952446744,0.001369685082534949
86,0.00137104343239218,0.0010108448677451202,0.00137104343239218
87,0.0013611216968297958,0.0010517978489758414,0.0013611216968297958
88,0.001363106017013391,0.0010803372981026769,0.001363106017013391
89,0.00135747241354237,0.0009993454999796916,0.00135747241354237
90,0.001352397423448662,0.0010952308136316245,0.001352397423448662
91,0.0013515020654847225,0.001021651605160482,0.0013515020654847225
92,0.0013421297798429925,0.0010353199418960957,0.0013421297798429925
93,0.0013513118443638087,0.0010568133438267468,0.0013513118443638087
94,0.0013427013695985078,0.0010502632695854755,0.0013427013695985078
95,0.0013375264907504122,0.0010132321405077452,0.0013375264907504122
96,0.0013379175077502926,0.0010485348095855952,0.0013379175077502926
97,0.0013363459137454628,0.0010830426877397193,0.0013363459137454628
98,0.0013325717228278517,0.0010171572745761328,0.0013325717228278517
99,0.0013330181875700752,0.0011394632294414598,0.0013330181875700752
